# Created by Octave 4.2.2, Wed Aug 28 13:53:34 2019 IST <tezansahu@tezan>
# name: G_s
# type: matrix
# rows: 7
# columns: 7
 0.02972921638615878 0.07894037170939777 0.1418301590873426 0.1724216238937529 0.1418301590873426 0.07894037170939777 0.02972921638615878
 0.07894037170939777 0.2096113871510979 0.3766034507108805 0.4578333617716143 0.3766034507108805 0.2096113871510979 0.07894037170939777
 0.1418301590873426 0.3766034507108805 0.6766338461617289 0.8225775623986646 0.6766338461617289 0.3766034507108805 0.1418301590873426
 0.1724216238937529 0.4578333617716143 0.8225775623986646 1 0.8225775623986646 0.4578333617716143 0.1724216238937529
 0.1418301590873426 0.3766034507108805 0.6766338461617289 0.8225775623986646 0.6766338461617289 0.3766034507108805 0.1418301590873426
 0.07894037170939777 0.2096113871510979 0.3766034507108805 0.4578333617716143 0.3766034507108805 0.2096113871510979 0.07894037170939777
 0.02972921638615878 0.07894037170939777 0.1418301590873426 0.1724216238937529 0.1418301590873426 0.07894037170939777 0.02972921638615878


