# Created by Octave 4.2.2, Wed Aug 28 13:54:41 2019 IST <tezansahu@tezan>
# name: G_s
# type: matrix
# rows: 7
# columns: 7
 2.556067850449824e-07 1.733014805293495e-05 0.0002175405438629428 0.0005055756966518292 0.0002175405438629428 1.733014805293495e-05 2.556067850449824e-07
 1.733014805293495e-05 0.001174984582212053 0.01474925570538876 0.03427804810971671 0.01474925570538876 0.001174984582212053 1.733014805293495e-05
 0.0002175405438629428 0.01474925570538876 0.1851433177560473 0.4302828346053876 0.1851433177560473 0.01474925570538876 0.0002175405438629428
 0.0005055756966518292 0.03427804810971671 0.4302828346053876 1 0.4302828346053876 0.03427804810971671 0.0005055756966518292
 0.0002175405438629428 0.01474925570538876 0.1851433177560473 0.4302828346053876 0.1851433177560473 0.01474925570538876 0.0002175405438629428
 1.733014805293495e-05 0.001174984582212053 0.01474925570538876 0.03427804810971671 0.01474925570538876 0.001174984582212053 1.733014805293495e-05
 2.556067850449824e-07 1.733014805293495e-05 0.0002175405438629428 0.0005055756966518292 0.0002175405438629428 1.733014805293495e-05 2.556067850449824e-07


