# Created by Octave 4.2.2, Wed Aug 28 13:56:46 2019 IST <tezansahu@tezan>
# name: G_s
# type: matrix
# rows: 15
# columns: 15
 3.312122476316751e-28 1.463519109922145e-24 1.777772778916697e-21 5.936629572362933e-19 5.449912063790991e-17 1.375386898955194e-15 9.54214729695558e-15 1.819923755632843e-14 9.54214729695558e-15 1.375386898955194e-15 5.449912063790991e-17 5.936629572362933e-19 1.777772778916697e-21 1.463519109922145e-24 3.312122476316751e-28
 1.463519109922145e-24 6.466814559011107e-21 7.855399230095264e-18 2.623203365759589e-15 2.408138741784431e-13 6.077387006521406e-12 4.216364285633651e-11 8.04165067570776e-11 4.216364285633651e-11 6.077387006521406e-12 2.408138741784431e-13 2.623203365759589e-15 7.855399230095264e-18 6.466814559011107e-21 1.463519109922145e-24
 1.777772778916697e-21 7.855399230095264e-18 9.54214729695558e-15 3.186469862671014e-12 2.925225556656227e-10 7.382351971960556e-09 5.121721747381039e-08 9.76839152417407e-08 5.121721747381039e-08 7.382351971960556e-09 2.925225556656227e-10 3.186469862671014e-12 9.54214729695558e-15 7.855399230095264e-18 1.777772778916697e-21
 5.936629572362933e-19 2.623203365759589e-15 3.186469862671014e-12 1.064078123060428e-09 9.76839152417407e-08 2.465235689852272e-06 1.710329078468885e-05 3.262021034666128e-05 1.710329078468885e-05 2.465235689852272e-06 9.76839152417407e-08 1.064078123060428e-09 3.186469862671014e-12 2.623203365759589e-15 5.936629572362933e-19
 5.449912063790991e-17 2.408138741784431e-13 2.925225556656227e-10 9.76839152417407e-08 8.967525118842856e-06 0.0002263122123832702 0.001570106903956629 0.002994582628488127 0.001570106903956629 0.0002263122123832702 8.967525118842856e-06 9.76839152417407e-08 2.925225556656227e-10 2.408138741784431e-13 5.449912063790991e-17
 1.375386898955194e-15 6.077387006521406e-12 7.382351971960556e-09 2.465235689852272e-06 0.0002263122123832702 0.005711410539145412 0.03962457449559086 0.0755738747130608 0.03962457449559086 0.005711410539145412 0.0002263122123832702 2.465235689852272e-06 7.382351971960556e-09 6.077387006521406e-12 1.375386898955194e-15
 9.54214729695558e-15 4.216364285633651e-11 5.121721747381039e-08 1.710329078468885e-05 0.001570106903956629 0.03962457449559086 0.2749070292172625 0.5243157724284694 0.2749070292172625 0.03962457449559086 0.001570106903956629 1.710329078468885e-05 5.121721747381039e-08 4.216364285633651e-11 9.54214729695558e-15
 1.819923755632843e-14 8.04165067570776e-11 9.76839152417407e-08 3.262021034666128e-05 0.002994582628488127 0.0755738747130608 0.5243157724284694 1 0.5243157724284694 0.0755738747130608 0.002994582628488127 3.262021034666128e-05 9.76839152417407e-08 8.04165067570776e-11 1.819923755632843e-14
 9.54214729695558e-15 4.216364285633651e-11 5.121721747381039e-08 1.710329078468885e-05 0.001570106903956629 0.03962457449559086 0.2749070292172625 0.5243157724284694 0.2749070292172625 0.03962457449559086 0.001570106903956629 1.710329078468885e-05 5.121721747381039e-08 4.216364285633651e-11 9.54214729695558e-15
 1.375386898955194e-15 6.077387006521406e-12 7.382351971960556e-09 2.465235689852272e-06 0.0002263122123832702 0.005711410539145412 0.03962457449559086 0.0755738747130608 0.03962457449559086 0.005711410539145412 0.0002263122123832702 2.465235689852272e-06 7.382351971960556e-09 6.077387006521406e-12 1.375386898955194e-15
 5.449912063790991e-17 2.408138741784431e-13 2.925225556656227e-10 9.76839152417407e-08 8.967525118842856e-06 0.0002263122123832702 0.001570106903956629 0.002994582628488127 0.001570106903956629 0.0002263122123832702 8.967525118842856e-06 9.76839152417407e-08 2.925225556656227e-10 2.408138741784431e-13 5.449912063790991e-17
 5.936629572362933e-19 2.623203365759589e-15 3.186469862671014e-12 1.064078123060428e-09 9.76839152417407e-08 2.465235689852272e-06 1.710329078468885e-05 3.262021034666128e-05 1.710329078468885e-05 2.465235689852272e-06 9.76839152417407e-08 1.064078123060428e-09 3.186469862671014e-12 2.623203365759589e-15 5.936629572362933e-19
 1.777772778916697e-21 7.855399230095264e-18 9.54214729695558e-15 3.186469862671014e-12 2.925225556656227e-10 7.382351971960556e-09 5.121721747381039e-08 9.76839152417407e-08 5.121721747381039e-08 7.382351971960556e-09 2.925225556656227e-10 3.186469862671014e-12 9.54214729695558e-15 7.855399230095264e-18 1.777772778916697e-21
 1.463519109922145e-24 6.466814559011107e-21 7.855399230095264e-18 2.623203365759589e-15 2.408138741784431e-13 6.077387006521406e-12 4.216364285633651e-11 8.04165067570776e-11 4.216364285633651e-11 6.077387006521406e-12 2.408138741784431e-13 2.623203365759589e-15 7.855399230095264e-18 6.466814559011107e-21 1.463519109922145e-24
 3.312122476316751e-28 1.463519109922145e-24 1.777772778916697e-21 5.936629572362933e-19 5.449912063790991e-17 1.375386898955194e-15 9.54214729695558e-15 1.819923755632843e-14 9.54214729695558e-15 1.375386898955194e-15 5.449912063790991e-17 5.936629572362933e-19 1.777772778916697e-21 1.463519109922145e-24 3.312122476316751e-28


